

        +-----------+------------------------------+
        | Position  |         RSSI signal          |
        +-----------+------------------------------+
        | (2 , 2)   | (-38, -27, -54, -13)         |
        | (6 , 2)   | (-74, -52, -68, -33)         |
        | (10, 2)   | (-43, -28, -12, -40)         |
        +-----------+------------------------------+
        | (2 , 6)   | (-34, -27, -38, -41)         |
        | (6 , 6)   | (-64, -48, -72, -35)         |
        | (10, 6)   | (-45, -37, -20, -15)         |
        +-----------+------------------------------+
        | (2 ,10)   | (-17, -50, -44, -33)         |
        | (6 ,10)   | (-27, -28, -32, -45)         |
        | (10,10)   | (-30, -20, -60, -40)         |
        +-----------+------------------------------+


